Using stock dls code
 DLS:         7500   692.57000000000005        692.73270797729492             1218        1218  
 MMM:         7500   2123.7600000000002        2124.1869051456451              397         397
 ILS:         7500   20.980000000000018        20.987245082855225            40216       40202
    
Using stock dls code
 DLS:        10000   1630.5999999999999        1630.9712719917297             1226        1226   
 MMM:        10000   4767.5899999999992        4768.5873351097107              419         419
 ILS:        10000   49.760000000000218        49.765753984451294            40192       40188
     
Using stock dls code
 DLS:        12500   3168.8699999999999        3169.7363538742065             1232        1232
